1 2 1
6 6 6

0.4387790590492682 0.2542963442753078 -0.6135615629065431 0.07409531882480397 -0.2386510262082061 0.20379428902886437
-0.6002560522348973 -0.2948004557545205 0.009120839337050707 0.7096220999933944 -0.5313646935735605 0.5585861701123305
0.971799011129948 -0.7513316628742889 0.025954318640671933 -0.12712030750707223 0.1471680010580392 0.7753192288020591
-0.035496780489673266 0.8767171396368914 0.6370408762344145 0.37552800594729263 0.6741425470330483 -0.7872526667020855
0.6011250163894573 -0.13635772062281545 0.46948530742883887 0.005876948319539103 -0.40131811112708005 -0.17258182623863078
-0.031138023720367933 0.7901083718446551 0.7509251475363506 -0.9895378520039414 -0.4691560127600842 0.5706119791909323

-0.689968890292298 0.9180775256326081 0.9621540681512216 0.9521687026665842 0.2353634936702154 0.743858952259514
-0.9888754803507896 -0.0038272851729117 -0.5283064250594401 0.8437049096287708 0.2472334101596721 -0.9101741464530955
-0.9652042197235114 0.4780789725450952 0.060590756516922736 -0.15303359767901525 0.733125990106172 -0.6849976733635157
-0.5095757012220632 0.5684198323702595 0.6488145477526815 -0.4283296985536936 0.9926942965955327 -0.9057507561812425
0.011372514152976352 0.25524154323555287 -0.2747598831976973 0.665602380831775 -0.10453916289192872 -0.019742692434160953
-0.9972533736504958 0.03545294196207354 0.9463884418969557 0.942705551713245 0.34967759409069676 0.1974162200821597

0.13304456683958235 -0.1456989311362498 -0.6445388231578796 -0.3577494461319422 -0.3720493571576671 -0.7495917190527605

0.38986353402578233 -0.7799917059056134 0.8581176401082389 -0.5203700544259884 -0.3143762280792224 0.13988422905655007
-0.4886137937306354 0.48542395174768505 -0.9534304191955822 0.00983958932038309 0.9749208618810461 0.9411863143929713
-0.3695726016419969 0.5490591164456919 -0.5592408938217384 -0.7020848169370275 -0.21656478004554192 0.2155148628528969
-0.6928963182077021 0.9654939740376984 0.18197400454984125 -0.13098835582669288 0.09553347927849165 0.2646539834164767
-0.11728856599592863 -0.3740233238611319 -0.06390229700383454 0.7309052892826782 -0.9275146395842881 0.3740218832059288
-0.7105639784324764 0.4829163962604186 0.32277636374409946 -0.6470345913640738 -0.7082992483212056 0.37295714744869146

-0.2256252351201464 -0.5643324278611811 -0.3445535523897365 1.0443554027797304 -0.4017862082376712 -0.8231069258741427
0.5582293959562608 0.9796021488968767 -0.6965497956433173 -0.6825301509575173 0.5463337414104344 -0.5665300143156133
-0.8804202801277187 -0.5833637320364107 0.6622392135325033 0.3196567661532595 0.24345607389202106 0.8905850773993869
-0.25463192094991355 -0.8836258258677684 0.9170664576365012 0.01266190699928591 0.478418029443175 -0.6107911659448668
0.019558248510998057 -0.40533027942780897 -0.9272017146393273 0.600035692190296 -0.7953000355011405 -0.5658442666778236
-0.5862779356973142 0.9521900054751242 0.9903612501532261 0.7627058794933779 0.448217377899868 -0.33985664917145775

-0.17622883104720893 -0.22796728823617426 0.6895466624888166 -0.026722085862245067 0.3783303015137837 0.03698839225431224

0.9149432552926549 -0.6774491380840735 0.6490139366112195 -0.3215342443927784 0.8073912602257792 0.6424114687505633 0.01286187428164838
-0.6959174454585138 0.8697008282447237 -0.3552345038504758 1.0378534346675634 0.8366052621234423 0.6071057673278036 0.2244461909751519
0.45100939804766504 -0.702794666585544 0.4021367586210974 0.8995325812040709 -0.028198404772140404 -0.2714534550549497 0.14762648138733453
0.7063781603101349 0.8632918258132694 0.9786912977042861 0.7779497236205546 0.1744936986567748 -0.5634675478899729 0.07290547216249542
0.9908586289753298 0.3351059776839658 -0.5876582527925746 -0.06958805744918097 0.3206431572960691 0.7450578545389561 0.28411843914027257
0.48946111573424633 -0.537225136247109 -0.27221933448057223 0.16363656954658182 -0.2924668165433465 -0.21968145157307473 0.138187301930035